@v_choice
$Dim[122]
#
%0.0114639,0.00354141,0.000808007,0.00293039,7.0969e-05,0.0256605,0.00624908,0,0.00264667,0.0204382,0.0512867,0,0,0.0712432,0.000294074,0.00566093,0,0.039553,0.00397014,7.33849e-05,0.0241876,0.0228643,0.00485223,0,0,0,0,0,0,7.35186e-05,0,0,0,0,0,0,0.000367593,0,0,0,0,0,0,0.00631442,0.00338251,0.00276556,0.0032005,0.00330555,0.000517413,0.000294074,0,0,0.0511982,0,0,0.0711623,0,0,0.0158065,0.0213317,0.0017816,0.00158898,0,0,0.000955742,0,0.00235256,0,0.029982,0.0106178,0.0195247,0.0246525,0.00689877,0,7.35186e-05,0.00336326,0,0,0,0,0,0,0.000955773,0.000408632,0,0.00753138,0.0299357,0.00956198,0.00293625,0.00748712,0.00413564,0.0834987,0,0.0646622,0.0966034,0,7.35186e-05,7.36439e-05,0,0.000367593,0.000220614,0.00137765,0.00683801,0.00634028,0,0.00178784,0.00111349,7.35366e-05,0.00389649,7.35186e-05,0,0,0,0.000680687,0.0805029,0.00507278,0.00091285,0.000513345,0.00159019,0.00102714,0.000441112,0
@j_choice
$Dim[122,9]
#[v_choice,0]
%0.05132,0.0669699,0.122206,0.0747846,0.0312772,0.177521,0.154674,0.0434351,0.277812
#[v_choice,1]
%0.0822569,1.22796e-05,6.94175e-06,1.31116e-07,0,0.0210466,0.822822,0.0200766,0.0537786
#[v_choice,2]
%0,0,0,0,0,0.181829,0.545524,0.0905618,0.182085
#[v_choice,3]
%0.00500052,0.060025,0.000235693,0,0,0.120414,0.711174,0.0210749,0.0820766
#[v_choice,4]
%0,0,0,0,0,0,1,0,0
#[v_choice,5]
%0.077363,0.061913,0.0540874,1.51013e-07,0.0302963,0.160443,0.313926,0.0126025,0.28937
#[v_choice,6]
%0.364952,0.111381,0.000412978,0.0129063,0.110347,0.0823529,0.243878,0.0149459,0.0588235
#[v_choice,7]
%0,0,0,0,0,0,0,0,0
#[v_choice,8]
%0.305556,0.0884262,0.00154197,0.0611192,0.0433571,0.222222,0.132793,0.0338741,0.111111
#[v_choice,9]
%0.266187,0.0298109,0.000660338,0.00751634,0.00883181,0.215827,0.290654,0.0186416,0.161871
#[v_choice,10]
%0.0386756,0.0869684,0.0558177,0.00391142,0.0618819,0.209392,0.354214,0.0364576,0.152681
#[v_choice,11]
%0,0,0,0,0,0,0,0,0
#[v_choice,12]
%0,0,0,0,0,0,0,0,0
#[v_choice,13]
%0.234733,0.113889,0.0349976,0.0676344,0.0558474,0.139295,0.228459,0.0201225,0.105022
#[v_choice,14]
%0.25,0,0,0,0,0.25,0,0,0.5
#[v_choice,15]
%0.480519,0.104541,0.031084,0.111128,0,0.0649351,0.194805,0,0.012987
#[v_choice,16]
%0,0,0,0,0,0,0,0,0
#[v_choice,17]
%0.433764,0.122999,0.071873,0.0039903,0.111346,0.0799257,0.120652,0.0182752,0.0371747
#[v_choice,18]
%0.370358,0.0466658,0.0246959,0.0183528,0.0584287,0.111107,0.277768,0,0.0926231
#[v_choice,19]
%0,0,0,0,0,0,0,0,1
#[v_choice,20]
%0.307026,0.117105,0.0386235,0.0495664,0.0535524,0.12766,0.20138,0.0078215,0.0972644
#[v_choice,21]
%0.0977709,0.0549133,0.0269097,0.0121049,0.0346894,0.215434,0.328025,0.0147185,0.215434
#[v_choice,22]
%0.363636,0.109408,0.104377,0.0244484,0.0193426,0.106061,0.156712,0.00995441,0.106061
#[v_choice,23]
%0,0,0,0,0,0,0,0,0
#[v_choice,24]
%0,0,0,0,0,0,0,0,0
#[v_choice,25]
%0,0,0,0,0,0,0,0,0
#[v_choice,26]
%0,0,0,0,0,0,0,0,0
#[v_choice,27]
%0,0,0,0,0,0,0,0,0
#[v_choice,28]
%0,0,0,0,0,0,0,0,0
#[v_choice,29]
%1,0,0,0,0,0,0,0,0
#[v_choice,30]
%0,0,0,0,0,0,0,0,0
#[v_choice,31]
%0,0,0,0,0,0,0,0,0
#[v_choice,32]
%0,0,0,0,0,0,0,0,0
#[v_choice,33]
%0,0,0,0,0,0,0,0,0
#[v_choice,34]
%0,0,0,0,0,0,0,0,0
#[v_choice,35]
%0,0,0,0,0,0,0,0,0
#[v_choice,36]
%0,2.83309e-18,0.391387,0.0086126,0,0,0.6,0,0
#[v_choice,37]
%0,0,0,0,0,0,0,0,0
#[v_choice,38]
%0,0,0,0,0,0,0,0,0
#[v_choice,39]
%0,0,0,0,0,0,0,0,0
#[v_choice,40]
%0,0,0,0,0,0,0,0,0
#[v_choice,41]
%0,0,0,0,0,0,0,0,0
#[v_choice,42]
%0,0,0,0,0,0,0,0,0
#[v_choice,43]
%0.0497028,0.0944252,6.21003e-08,0.0183967,0.0242888,0.151198,0.436942,0.0156895,0.209357
#[v_choice,44]
%0.111237,1.96134e-05,1.02722e-05,1.44691e-07,0,0.0286613,0.743335,0.0491785,0.0675584
#[v_choice,45]
%0.0351634,0,0,0,0.0447585,0.113013,0.517896,0.129774,0.159395
#[v_choice,46]
%0.0643531,0.196773,0.0696557,1.55607e-06,0,0.343434,0.0792136,5.97097e-05,0.246509
#[v_choice,47]
%0.0667228,0.0889637,0,0,0,0.177927,0.333815,0,0.332571
#[v_choice,48]
%0,0,0,0,0,0,0.449859,0.259303,0.290838
#[v_choice,49]
%0,0.5,0,0,0,0,0.5,0,0
#[v_choice,50]
%0,0,0,0,0,0,0,0,0
#[v_choice,51]
%0,0,0,0,0,0,0,0,0
#[v_choice,52]
%0.0361069,0.0919508,0.0606183,0.0041777,0.065709,0.203802,0.3469,0.0378204,0.152915
#[v_choice,53]
%0,0,0,0,0,0,0,0,0
#[v_choice,54]
%0,0,0,0,0,0,0,0,0
#[v_choice,55]
%0.182413,0.12208,0.0414577,0.0799413,0.068101,0.139487,0.227871,0.0206401,0.118011
#[v_choice,56]
%0,0,0,0,0,0,0,0,0
#[v_choice,57]
%0,0,0,0,0,0,0,0,0
#[v_choice,58]
%0.0186047,0.111725,0.00913821,0.0102652,0.0177085,0.232558,0.325757,0.0463359,0.227907
#[v_choice,59]
%0.46211,0.130595,0.00435072,0.0263941,0.0493192,0.0793057,0.202463,0.00753915,0.0379237
#[v_choice,60]
%0.646344,0.0467229,2.28604e-06,0.00462761,0,0.00385423,0.174804,5.55656e-08,0.123645
#[v_choice,61]
%0.150563,0.237922,0.000205137,0.258308,0,0.272785,0.00466436,0.075553,0
#[v_choice,62]
%0,0,0,0,0,0,0,0,0
#[v_choice,63]
%0,0,0,0,0,0,0,0,0
#[v_choice,64]
%0,0.153846,0,0,0,0.153846,0.307692,0,0.384615
#[v_choice,65]
%0,0,0,0,0,0,0,0,0
#[v_choice,66]
%0.28124,0.15692,0,0,0.0618332,0.0312504,0.216154,0.00259844,0.250003
#[v_choice,67]
%0,0,0,0,0,0,0,0,0
#[v_choice,68]
%0.140848,0.0853099,0.0640988,0.0131345,0.0495741,0.137721,0.342025,0.0289029,0.138386
#[v_choice,69]
%0.166064,0.12181,0.0636312,0.0266972,0.0162522,0.0968096,0.213273,0.021865,0.273599
#[v_choice,70]
%0.180802,0.214756,0.0154799,0,0.0522942,0.150686,0.229772,0,0.156211
#[v_choice,71]
%0.250766,0.159272,0.0391308,0.000185767,0.0581098,0.149327,0.203639,0.00826546,0.131304
#[v_choice,72]
%0.229688,0.184343,0.0647673,2.74994e-06,0,0.0634683,0.223452,0,0.234279
#[v_choice,73]
%0,0,0,0,0,0,0,0,0
#[v_choice,74]
%1,0,0,0,0,0,0,0,0
#[v_choice,75]
%0.108421,0.277295,0.075872,0.0104205,0.106569,0.414812,0.000536814,0,0.00607316
#[v_choice,76]
%0,0,0,0,0,0,0,0,0
#[v_choice,77]
%0,0,0,0,0,0,0,0,0
#[v_choice,78]
%0,0,0,0,0,0,0,0,0
#[v_choice,79]
%0,0,0,0,0,0,0,0,0
#[v_choice,80]
%0,0,0,0,0,0,0,0,0
#[v_choice,81]
%0,0,0,0,0,0,0,0,0
#[v_choice,82]
%0.230795,4.93876e-14,0.0769205,0,0,0.307682,0.307969,0.0766336,0
#[v_choice,83]
%0.89957,2.24836e-05,0,0,8.19441e-07,3.71805e-07,0.100035,5.67834e-08,0.000370811
#[v_choice,84]
%0,0,0,0,0,0,0,0,0
#[v_choice,85]
%0,0.115624,0,0,0.011276,0.224518,0.443564,4.43194e-05,0.204974
#[v_choice,86]
%0.1395,0.0991097,0.0930216,0.018545,0.0640195,0.129758,0.28756,0.0271149,0.141371
#[v_choice,87]
%0.138477,0.0810887,0.0364801,0.0735991,0.0165514,0.130745,0.338439,0,0.18462
#[v_choice,88]
%0.0748502,0.0718006,0.0248225,0.0531959,0,0.225221,0.375144,0,0.174966
#[v_choice,89]
%0.17629,0.188833,6.62056e-20,1.68554e-09,0.0365514,0.0979122,0.212966,0.0519151,0.235533
#[v_choice,90]
%0.196257,0.162036,0.0147228,0.0578303,0.0585808,0.000419027,0.42619,1.7714e-05,0.0839453
#[v_choice,91]
%0.0945244,0.05979,0.0485366,0.0574589,0.037558,0.147666,0.31798,0.0242911,0.212195
#[v_choice,92]
%0,0,0,0,0,0,0,0,0
#[v_choice,93]
%0.334141,0.0651047,0.0890881,0.0781145,0.0599523,0.0865479,0.162702,0.0378799,0.0864695
#[v_choice,94]
%0.191538,0.104358,0.0880551,0.0293331,0.0364485,0.152968,0.228407,0.0197288,0.149163
#[v_choice,95]
%0,0,0,0,0,0,0,0,0
#[v_choice,96]
%0,0,0,0,0,0,1,0,0
#[v_choice,97]
%0,0,0,0,0,0,0,0,1
#[v_choice,98]
%0,0,0,0,0,0,0,0,0
#[v_choice,99]
%0.4,5.30043e-08,0.4,0,0,0.2,0,0,0
#[v_choice,100]
%0,0.389047,0.277861,0,0,0.333091,0,0,0
#[v_choice,101]
%0.373557,0.170066,0.147844,0,2.99251e-20,1.35659e-27,0.00915369,0.0326442,0.266735
#[v_choice,102]
%0,9.42413e-18,0.0392256,0,0.0467572,0.182805,0.42224,0.0186216,0.290351
#[v_choice,103]
%0.0231903,0.138438,2.70893e-17,0,0,0.200429,0.340992,0.0303183,0.266632
#[v_choice,104]
%0,0,0,0,0,0,0,0,0
#[v_choice,105]
%0.0761701,0.202599,0.0482935,0.0732035,0.0404677,0.0772265,0.278614,0,0.203426
#[v_choice,106]
%0.242244,0.136348,0.0824512,0,0,0,0.538957,0,0
#[v_choice,107]
%0,0,0,0,0,0,1,0,0
#[v_choice,108]
%0.0792461,0.110322,0.0571975,0.00177946,0.128814,0.0754717,0.283416,0.0373391,0.226415
#[v_choice,109]
%0,0,0,0,0,0,4.25462e-28,1,0
#[v_choice,110]
%0,0,0,0,0,0,0,0,0
#[v_choice,111]
%0,0,0,0,0,0,0,0,0
#[v_choice,112]
%0,0,0,0,0,0,0,0,0
#[v_choice,113]
%0,0.000136425,0,0,0.112351,0.216063,0.67145,0,0
#[v_choice,114]
%0.221025,0.135028,0.037558,0.0292126,0.0489489,0.186301,0.226419,0.028748,0.086758
#[v_choice,115]
%0.391424,0.410454,0.00148322,0,0.0517114,0.057971,0.0849639,0.00199266,0
#[v_choice,116]
%0.373023,0.245689,5.9391e-05,0.0103084,0,0.241597,0.114248,0.0138534,0.00122047
#[v_choice,117]
%0.429763,0.226293,0,0.059774,0,0.143236,0.140933,0,0
#[v_choice,118]
%0.155803,0.00552752,0.0126584,0.297292,0,0,0.25698,0.0467843,0.224956
#[v_choice,119]
%0.071399,3.06142e-16,1.9024e-18,0.0715385,0,0.0715785,0.488183,0.145623,0.151678
#[v_choice,120]
%0.166667,6.30796e-14,0.166667,0,0,0,0.5,0,0.166667
#[v_choice,121]
%0,0,0,0,0,0,0,0,0
@v_3_del
$Dim[122,21]
#[v_choice,0]
%0,0.0106652,0.00624585,0.00757235,0,0.18962,0,0.551115,0.157046,2.36413e-05,0.0330657,3.27543e-06,0,0,0.044643,2.04778e-13,4.96719e-23,0,2.28014e-16,1.06755e-15,3.90599e-15
#[v_choice,1]
%0,0,0,0.0105359,0,0.0104701,0.000252228,0.50346,0.0407341,0.00263222,0.00131452,0.28238,0.0179709,6.84574e-05,0.00274516,0.0128469,0,0,0.00473713,0.0239873,0.0858645
#[v_choice,2]
%0,0,0,0.0248086,0.135994,0.0959089,0,0.231626,0.131981,0,0.0946311,0.0972661,0,0.187784,1.5229e-32,0,0,0,0,0,0
#[v_choice,3]
%1.02589e-05,0,0,0,0.0753123,0.266302,0.0202531,0.279586,0.124018,0.124041,0.0375898,0.0278348,0,0,3.4489e-08,0.000157668,0,0,0.00779285,0.0371031,1.8319e-11
#[v_choice,4]
%0,0,0,0,0,0,0,1,1.19004e-12,2.94293e-29,7.17839e-43,0,0,0,0,0,0,0,0,0,0
#[v_choice,5]
%0,0,1.93634e-05,0.0459775,0.000136908,0.220755,0.0264815,0.396076,0.123632,0.0320378,0.0543047,0.0205758,0.00901719,0.00672448,0.0207436,0.00322044,0.00265795,0.00615521,0,0,0.0314855
#[v_choice,6]
%0,0.0114404,0,0,0,0.188802,0.00031354,0.480867,0.0416653,0.0848543,0.0327326,0.0533235,0,0,0,0.0111167,0.0122368,0,0.0232602,0,0.0593879
#[v_choice,7]
%0,0,0,0,0,0,0,0,0,0,0,0,0,0,0,0,0,0,0,0,0
#[v_choice,8]
%0,0,0,0.0676614,0,0.260434,0.0558451,0.441133,0,0.0360263,0,0,0,0,0.0274638,0,0.0228654,0.0319665,0.031052,0,0.0255532
#[v_choice,9]
%0,0.000309853,0,0.0280192,0.000980696,0.161894,0.0296581,0.417867,0.152592,0.0578552,0.0207785,4.41855e-06,0.0455932,0.00847647,0.0287547,0.00714675,0.0111354,0,0.00983519,0.0112852,0.00781365
#[v_choice,10]
%9.16518e-05,0.00476304,7.73815e-05,0.0468565,0.0142921,0.175834,0.00215697,0.388323,0.179774,0.0338157,0.00906723,0.0672793,0.00365386,0.0153088,0.000654809,0.00824266,0.0015851,0.00559062,0.0317098,0.00139561,0.00952826
#[v_choice,11]
%0,0,0,0,0,0,0,0,0,0,0,0,0,0,0,0,0,0,0,0,0
#[v_choice,12]
%0,0,0,0,0,0,0,0,0,0,0,0,0,0,0,0,0,0,0,0,0
#[v_choice,13]
%0.00316791,0.00366975,0.0024431,0.0175912,4.87937e-05,0.149454,0.0410168,0.370617,0.183218,0.0592343,0.0373883,0.00530073,0.0146032,0.00367294,0.0346454,0.0432373,0.00099006,0.0055636,0.000727464,0.000222977,0.0231877
#[v_choice,14]
%0,0,0,0,0,0,0.0824035,0.664667,0,0,0,0.25293,6.2613e-28,5.56628e-51,0,0,0,0,0,0,0
#[v_choice,15]
%0,0,0,0.0167481,0.0600824,0.0377559,0.0375962,0.139548,0.0738608,0.227121,0.18138,0.0320592,0.0419605,0.0315662,0.0649117,0.0294345,0,0,0,0.0113456,0.0146302
#[v_choice,16]
%0,0,0,0,0,0,0,0,0,0,0,0,0,0,0,0,0,0,0,0,0
#[v_choice,17]
%0,0,0.00703162,0.0281069,0.00991895,0.0375867,6.86868e-05,0.200649,0.0534155,0.183485,0.213406,0.107775,0.0380459,0.0170602,0.013044,0.0209064,0.00973016,0.0156791,0.0103509,0.00192058,0.0318199
#[v_choice,18]
%0,0,0,0.001687,0.0522326,0.00163694,0,0.708964,0.0277962,0.0768703,0,0.0197079,0,0,0,0.0324297,0,0.056442,0.0222329,6.67843e-38,0
#[v_choice,19]
%0,0,0,0,0,0,0,1,9.64243e-12,8.7151e-29,1.69722e-37,0,0,0,0,0,0,0,0,0,0
#[v_choice,20]
%0,0,0,0.0587373,0.000260384,0.179978,4.15845e-05,0.532573,0.0942119,0.0339829,0,0.0172708,0.00315102,0,0.0233853,0.00966632,0.0089783,0.00863975,1.09091e-05,0.0145375,0.0145747
#[v_choice,21]
%0,0,0.00344797,0.00836799,7.0281e-05,0.172737,0.0023179,0.557507,0.103484,0.0470258,0.00251184,0.0126896,0.0245739,0.00364038,0.0182102,0.007111,0.00587151,0.00739496,0,0.0142265,0.00881236
#[v_choice,22]
%0,0,0.0130542,0.0407295,6.46062e-05,0.0900769,0.008094,0.516723,0.02131,0.0600621,0.0289738,0,0.0293875,0.000692824,0.0973927,0.0176449,0,0,0,0.0590766,0.0167174
#[v_choice,23]
%0,0,0,0,0,0,0,0,0,0,0,0,0,0,0,0,0,0,0,0,0
#[v_choice,24]
%0,0,0,0,0,0,0,0,0,0,0,0,0,0,0,0,0,0,0,0,0
#[v_choice,25]
%0,0,0,0,0,0,0,0,0,0,0,0,0,0,0,0,0,0,0,0,0
#[v_choice,26]
%0,0,0,0,0,0,0,0,0,0,0,0,0,0,0,0,0,0,0,0,0
#[v_choice,27]
%0,0,0,0,0,0,0,0,0,0,0,0,0,0,0,0,0,0,0,0,0
#[v_choice,28]
%0,0,0,0,0,0,0,0,0,0,0,0,0,0,0,0,0,0,0,0,0
#[v_choice,29]
%0,0,0,0,1,2.28046e-10,5.04803e-19,7.35954e-41,0,0,0,0,0,0,0,0,0,0,0,0,0
#[v_choice,30]
%0,0,0,0,0,0,0,0,0,0,0,0,0,0,0,0,0,0,0,0,0
#[v_choice,31]
%0,0,0,0,0,0,0,0,0,0,0,0,0,0,0,0,0,0,0,0,0
#[v_choice,32]
%0,0,0,0,0,0,0,0,0,0,0,0,0,0,0,0,0,0,0,0,0
#[v_choice,33]
%0,0,0,0,0,0,0,0,0,0,0,0,0,0,0,0,0,0,0,0,0
#[v_choice,34]
%0,0,0,0,0,0,0,0,0,0,0,0,0,0,0,0,0,0,0,0,0
#[v_choice,35]
%0,0,0,0,0,0,0,0,0,0,0,0,0,0,0,0,0,0,0,0,0
#[v_choice,36]
%0,0,0,0.197711,0,0,0.191405,0,0.174395,0.235786,0,0,0.200703,3.4572e-34,4.79326e-43,0,0,0,0,0,0
#[v_choice,37]
%0,0,0,0,0,0,0,0,0,0,0,0,0,0,0,0,0,0,0,0,0
#[v_choice,38]
%0,0,0,0,0,0,0,0,0,0,0,0,0,0,0,0,0,0,0,0,0
#[v_choice,39]
%0,0,0,0,0,0,0,0,0,0,0,0,0,0,0,0,0,0,0,0,0
#[v_choice,40]
%0,0,0,0,0,0,0,0,0,0,0,0,0,0,0,0,0,0,0,0,0
#[v_choice,41]
%0,0,0,0,0,0,0,0,0,0,0,0,0,0,0,0,0,0,0,0,0
#[v_choice,42]
%0,0,0,0,0,0,0,0,0,0,0,0,0,0,0,0,0,0,0,0,0
#[v_choice,43]
%0,0,0,0.00625916,0.0373571,0.0282749,0,0.630259,0.138551,0.00386982,0.028411,0.0645865,0.0274565,0,0,0.0233338,0,0,0,0.0116418,4.42758e-32
#[v_choice,44]
%0,0,0,0.00699407,0,0.00905013,0.000222448,0.54163,0.0572368,0.00418347,0.00132438,0.250046,0.0366191,3.14596e-05,0.00756213,0.00920783,0,0,0.00313443,0.0159103,0.0568469
#[v_choice,45]
%0,0,0,0.04879,0.0253791,0.0860572,0.0542309,0.15069,0.175176,0.149157,0.0543379,0,0,0,0,0.000106308,0,0.0192278,0.000838651,0.199458,0.0365502
#[v_choice,46]
%0.0459114,0,0,1.10316e-05,0.0981946,0.0208526,0.020591,0.568272,0.126876,0.0142352,0.00011149,1.46011e-06,0,0,0.0197248,0.0258336,0,0,0.0592676,0.000117235,0
#[v_choice,47]
%0,0,0,0,0.0328028,0.100031,0.089893,0.417541,0.260863,0.0321197,0,0,0,0,0.0219752,0,0.022509,0,0,0.0222657,9.38526e-35
#[v_choice,48]
%0,0,0,0.127639,0,0.423069,0,0.122142,0.32715,2.41533e-11,4.41985e-24,6.86205e-50,0,0,0,0,0,0,0,0,0
#[v_choice,49]
%0,0,0,0,0,0.168601,0.129394,0.702005,3.2355e-08,7.72592e-23,2.53451e-36,0,0,0,0,0,0,0,0,0,0
#[v_choice,50]
%0,0,0,0,0,0,0,0,0,0,0,0,0,0,0,0,0,0,0,0,0
#[v_choice,51]
%0,0,0,0,0,0,0,0,0,0,0,0,0,0,0,0,0,0,0,0,0
#[v_choice,52]
%9.12785e-05,0.00463898,7.28543e-05,0.0489617,0.0142844,0.179166,0.0021662,0.394363,0.179847,0.0317689,0.00862812,0.0623406,0.00350014,0.0142594,0.000571732,0.00695784,0.00158696,0.00530427,0.0292877,0.00179416,0.0104084
#[v_choice,53]
%0,0,0,0,0,0,0,0,0,0,0,0,0,0,0,0,0,0,0,0,0
#[v_choice,54]
%0,0,0,0,0,0,0,0,0,0,0,0,0,0,0,0,0,0,0,0,0
#[v_choice,55]
%0.00455049,0.00371687,0.00272979,0.0216281,5.13766e-05,0.166369,0.0407639,0.391302,0.180359,0.0568143,0.0354481,0.00534973,0.0116664,0.00243557,0.0263732,0.0236927,0.00057079,0.00376249,0.000835421,0.000194866,0.0213854
#[v_choice,56]
%0,0,0,0,0,0,0,0,0,0,0,0,0,0,0,0,0,0,0,0,0
#[v_choice,57]
%0,0,0,0,0,0,0,0,0,0,0,0,0,0,0,0,0,0,0,0,0
#[v_choice,58]
%0,0,0.0102317,0,0,0.286111,0.10869,0.328024,0.179535,0.0286062,0.00530367,0.00642842,0.00505751,0,0.00476828,0,0.00358207,0,0.00968161,0.00804864,0.0159317
#[v_choice,59]
%0,0,0.0138507,0.0188445,0.000124725,0.202536,0.0107965,0.576819,0.0867121,0.00384367,0.00340772,0.0275605,0,0.00261953,0.00708892,0.0106409,0.00739096,0,0.00176364,0.00928726,0.0167132
#[v_choice,60]
%0,0,0,0,0.00347725,0.22576,0.000528418,0.239363,0.312289,0.0478033,0.0474877,0,0,0,0.0405571,0,0.0827341,0,3.29744e-08,0,3.22272e-14
#[v_choice,61]
%0,0,0.00130909,0.0845363,0.0012793,0.0961713,0.000450639,0.671981,0.0508604,0.000117069,1.92163e-05,0,0,0,0,0,0,0,0.0463618,0,0.0469139
#[v_choice,62]
%0,0,0,0,0,0,0,0,0,0,0,0,0,0,0,0,0,0,0,0,0
#[v_choice,63]
%0,0,0,0,0,0,0,0,0,0,0,0,0,0,0,0,0,0,0,0,0
#[v_choice,64]
%0,0,0.304486,0,0.0737257,0,0.159708,0,0,0,0.10074,0.284409,0,0,0,0,0.0769303,1.92695e-09,5.31311e-26,0,0
#[v_choice,65]
%0,0,0,0,0,0,0,0,0,0,0,0,0,0,0,0,0,0,0,0,0
#[v_choice,66]
%0,0,0,0.00402943,0.138335,0.251092,0.0387752,0.209992,0.105698,0,0,0.12696,0,0.0546325,0.0704866,6.52023e-12,1.53106e-42,0,0,0,0
#[v_choice,67]
%0,0,0,0,0,0,0,0,0,0,0,0,0,0,0,0,0,0,0,0,0
#[v_choice,68]
%0.00284244,0.00167914,0.00174342,0.025078,0.00251869,0.176643,0.015842,0.281555,0.10258,0.0461291,0.172403,0.0847072,0.0378526,0.0091287,0.00761631,0.00525965,0.000789491,0.00619963,0.000652754,0.00521611,0.0135634
#[v_choice,69]
%0,0.00551896,1.54081e-05,0.0158853,0.0957127,0.195189,0.0120661,0.270927,0.0470977,0.0704636,0.09813,0.0730847,0.0494886,0,0.0234042,8.10456e-10,0.00760498,0.00715151,0,0.014277,0.0139825
#[v_choice,70]
%0.00181745,0.0111247,0.0287769,0.00918009,0.00722622,0.193695,0.0190357,0.219003,0.138458,0.0286765,0.0944897,0.165163,0.0229673,0.005568,0.00901015,0.0187056,0.00388685,0.00408,0.000445396,0.0118261,0.00686529
#[v_choice,71]
%0,0.0112325,0.00233821,0.110417,0.106888,0.185257,0.0186229,0.208351,0.156582,0.00267516,0.0544624,0.0291532,0.0611866,0.00157618,0.0364269,0,0.00285439,0,0,6.13862e-07,0.0119754
#[v_choice,72]
%0,0.00529158,0,0.142295,0.167588,0.0263448,0.0183994,0.369704,0.0713704,0,0.0808507,0.00281899,0.0834077,0,0,0,0,0,0.0166818,0,0.0152468
#[v_choice,73]
%0,0,0,0,0,0,0,0,0,0,0,0,0,0,0,0,0,0,0,0,0
#[v_choice,74]
%0,0,0,0,0,0,0,0,0,0,0,0,1,3.47268e-26,0,0,0,0,0,0,0
#[v_choice,75]
%0,0,0,0.0443364,5.75053e-06,0.0175323,0.064476,0.437875,0.00616513,0.0568323,0.096819,0.0955929,0.0491529,0.0283321,0,1.53797e-06,0,0.0339013,0,0.0689769,7.6448e-09
#[v_choice,76]
%0,0,0,0,0,0,0,0,0,0,0,0,0,0,0,0,0,0,0,0,0
#[v_choice,77]
%0,0,0,0,0,0,0,0,0,0,0,0,0,0,0,0,0,0,0,0,0
#[v_choice,78]
%0,0,0,0,0,0,0,0,0,0,0,0,0,0,0,0,0,0,0,0,0
#[v_choice,79]
%0,0,0,0,0,0,0,0,0,0,0,0,0,0,0,0,0,0,0,0,0
#[v_choice,80]
%0,0,0,0,0,0,0,0,0,0,0,0,0,0,0,0,0,0,0,0,0
#[v_choice,81]
%0,0,0,0,0,0,0,0,0,0,0,0,0,0,0,0,0,0,0,0,0
#[v_choice,82]
%0,0,0.0433963,0.185675,0,0.150433,0,0.460251,0,0,0.0833245,0,0,0,0,0,0,0,0,0,0.0769206
#[v_choice,83]
%0,0,0,0,0.150449,6.37047e-07,0.422478,0,0.420941,0.00613085,2.18462e-13,0,0,0,0,0,0,3.04427e-09,7.08939e-35,0,0
#[v_choice,84]
%0,0,0,0,0,0,0,0,0,0,0,0,0,0,0,0,0,0,0,0,0
#[v_choice,85]
%0,0,0,0.0140416,0.0307822,0.104316,0.000168683,0.359403,0.218813,0.138002,0.0741922,0.0407544,0,0,0,0,0.0193091,0.000217613,0,0,0
#[v_choice,86]
%0.00178847,0.00231351,0.00303689,0.0414769,0.00266643,0.189537,0.017402,0.300774,0.0889538,0.0408111,0.164268,0.0849655,0.0216083,0.00537758,0.00945516,0.00437246,0.000634797,0.00474668,0.000360091,0.00312927,0.0123212
#[v_choice,87]
%0.00726375,0,0,0.0478776,0.0485613,0.163016,0.0575701,0.376054,0.0517142,0.033847,0.102161,0.0483768,0.0160979,0.00825939,0.00825244,0,0.00740507,0.00757549,0,0.0159675,4.54495e-07
#[v_choice,88]
%0,0,0.00653109,0.0555721,0.00139247,0.142409,0.0316324,0.346938,0.224363,0.0212272,0.0323695,0.0623716,0,0,0.0249768,0,0,0.0244923,0,0.025724,2.83986e-23
#[v_choice,89]
%0,0,0.000232614,0.146725,0.0167498,0.272119,0.0557511,0.164922,0.175644,0.0290804,0.038523,0,0.0397393,7.62017e-05,0.0380292,0.0224085,0,0,1.46163e-23,8.57664e-55,0
#[v_choice,90]
%0,0,0,0.0991833,0.0743015,0.299524,0.0374507,0.226975,0.20104,0.000290078,0.00199002,0.000126472,0,0,0,0.0359663,0,0.00444482,0,0,0.0187084
#[v_choice,91]
%0.00181145,0,0.0195406,0.135629,0.0738312,0.193272,0.0380499,0.218745,0.110445,0.0486408,0.0383618,0.0457469,0.0130129,0.00908732,0.00913273,0.0123588,0.00391291,0.0121587,0.00772422,0.00229273,0.00624565
#[v_choice,92]
%0,0,0,0,0,0,0,0,0,0,0,0,0,0,0,0,0,0,0,0,0
#[v_choice,93]
%0.000614557,9.28533e-05,0.000498767,0.220381,0.110984,0.154599,0.0113815,0.31074,0.0535749,0.0209204,0,0.0264996,0.0464683,0.00279412,0,0.00995613,0.0122814,0.00257934,0.00688978,0.00403743,0.00470722
#[v_choice,94]
%0,0.00350076,0.000974805,0.0560406,0.00581413,0.141596,0.0540324,0.326426,0.163972,0.0673435,0.101603,0.00890531,0.0257219,0.00158707,0.00734613,2.71598e-21,0.00498301,0.0038181,0.00328928,0.00137583,0.0216697
#[v_choice,95]
%0,0,0,0,0,0,0,0,0,0,0,0,0,0,0,0,0,0,0,0,0
#[v_choice,96]
%0,0,0,0,0,0,0,0,0,0,0,0,0,0,0,0,0,0,0,0,1
#[v_choice,97]
%0,0,0,0,0,0,0,0,0,0,1,4.17264e-18,7.37511e-47,0,0,0,0,0,0,0,0
#[v_choice,98]
%0,0,0,0,0,0,0,0,0,0,0,0,0,0,0,0,0,0,0,0,0
#[v_choice,99]
%0,0,0,0,0,0,0,0.470049,0.322236,1.12917e-08,0,0.207714,0,0,0,0,0,0,0,0,0
#[v_choice,100]
%0,0,0,0,0,0.644159,0,0.355841,1.78758e-07,8.23848e-20,2.58131e-47,0,0,0,0,0,0,0,0,0,0
#[v_choice,101]
%0,0,0,0,0.00112566,0.0843867,0,0.349826,0,0.171794,0.0068017,0.202662,0.115848,0.0084186,0.0591367,0,0,0,0,0,0
#[v_choice,102]
%0,0.000371625,0.0381081,0.0154054,0.0881709,0.0577045,0.183687,0.0396927,0.216414,0.0446342,0.158359,0.0661872,0,0.0480316,0,0.0216688,0,0,0.021565,3.04735e-29,0
#[v_choice,103]
%0,0,0.00653511,0.00421521,0.073298,0.0572784,0.197269,0.0455483,0.370488,0.0461629,0.0764099,0.0273843,0,0.0252564,1.44185e-06,0.00235716,0.0444997,0,0,0.0089739,0.0143224
#[v_choice,104]
%0,0,0,0,0,0,0,0,0,0,0,0,0,0,0,0,0,0,0,0,0
#[v_choice,105]
%0,0,0,0.316036,0.0194098,0.0258466,0.142206,0.179767,0.276316,0.0404122,1.99681e-10,0,5.95805e-06,0,0,1.50704e-09,7.96322e-31,0,0,0,0
#[v_choice,106]
%0,0,0,0,0.00251094,0.19541,0,0,0,0,3.51279e-06,0.0988215,0.172985,0,0,0.189752,0.0623237,0.0779543,0,0.200239,3.93823e-20
#[v_choice,107]
%0,0,0,0.99977,0,0,0.000118686,0,0,0,0,0.000111064,0,0,0,0,0,0,0,0,0
#[v_choice,108]
%0,0.00665986,0,0.0212544,0.00361128,0.103548,0.0716439,0.519278,0.203921,0,0.032347,0,0,0,0,0,0,0.0188446,0,0,0.0188914
#[v_choice,109]
%0,0,0,0,0,0,0,0,0,1,7.6918e-17,0,0,0,0,0,0,0,0,0,0
#[v_choice,110]
%0,0,0,0,0,0,0,0,0,0,0,0,0,0,0,0,0,0,0,0,0
#[v_choice,111]
%0,0,0,0,0,0,0,0,0,0,0,0,0,0,0,0,0,0,0,0,0
#[v_choice,112]
%0,0,0,0,0,0,0,0,0,0,0,0,0,0,0,0,0,0,0,0,0
#[v_choice,113]
%0,0,0,0.43123,0,0,0,0.138476,0,0,0.101473,3.40296e-06,0,0.22081,0,0,0,0,0,0.108007,0
#[v_choice,114]
%0,0.00234785,0.00649437,0.028067,0.00021344,0.20987,0.0330169,0.399588,0.125661,0.0374667,0.0734822,0.0105473,0.0144732,0.00320567,0.0139668,0.0036728,0.00451059,0.00370785,0.000997315,0.0117321,0.0169793
#[v_choice,115]
%0,0,0.0481268,0.0235313,0.106496,0.14855,0.107432,0.434248,0.0728117,0,0.000190448,0.0434826,0,0.0151313,1.18577e-36,0,0,0,0,0,0
#[v_choice,116]
%0,0,0,0,0.00117283,3.01384e-05,0.0441619,0.14975,0.437816,0,0.265676,0.101394,0,0,0,1.8237e-13,1.11743e-39,0,0,0,0
#[v_choice,117]
%0,0,0,0,0,0.13475,0,0.0123649,0.250581,4.7147e-07,0.316072,0,0,0,0,0.140192,0,0.14604,3.54338e-29,1.66226e-49,0
#[v_choice,118]
%0,0,0,0,0.289543,0.000140952,0.336542,0.204948,0.00360004,0,0.118912,0,0,0,0,0.046313,0,0,0,0,0
#[v_choice,119]
%0,0,0,0.065313,0.0911457,0.000113349,0.0012245,0.0842646,0.381754,0,0.208429,0.0961768,0,0,0,0,0,0,0.0715788,1.81134e-24,0
#[v_choice,120]
%0,0,0,0,0,0.139127,0,0.110926,0.249897,0,0,0,0,0.158637,0,0.167842,0.173571,2.05843e-19,0,0,0
#[v_choice,121]
%0,0,0,0,0,0,0,0,0,0,0,0,0,0,0,0,0,0,0,0,0
@j_5_del
$Dim[9,23]
#[j_choice,0]
%7.78713e-09,1.26639e-05,0.00588515,0.166129,0.104686,0.0957784,0.258606,0.131467,0.103202,0.0426567,0.0272912,0.00873346,0.00759965,0.00145314,0.0201815,0.00295471,0.00538645,0.00160128,0.000696648,0.00190736,0.0056836,0.00483291,0.00325516
#[j_choice,1]
%6.96916e-05,0,8.64964e-05,0.0648301,5.64445e-08,0.39923,0.0913635,0.103374,0.0820082,0.102367,0.0122155,0.0547347,0.0293893,0.00295955,0.000141041,0.0436074,0.00669093,7.66793e-07,1.2531e-06,0.000353222,0.00263766,7.39811e-06,0.00393205
#[j_choice,2]
%0,0,0,0.00013685,0.01287,1.72719e-06,0.00327207,0.0570439,0.247964,0.0997507,0.526016,0.00896926,0.000468938,0.00202765,0.000601228,0.00124354,0.00032978,4.89483e-05,0.0247899,0,0.00109515,4.73501e-12,0.01337
#[j_choice,3]
%0,0,0,0,0,0.0042525,0,0.000615219,0.0141724,5.92678e-08,0,0.870103,0.080716,0.00188209,7.97514e-05,2.06083e-05,0,0.01685,1.48117e-06,0.00609829,0.00516495,4.37976e-05,0
#[j_choice,4]
%0,0,0.00857821,0.042818,0.00919092,0.106702,0.000551247,0.0982356,0.0192991,0.000100803,0,0.167019,0.00881321,0.0243573,0.00664459,0.00559685,0.00034638,0.000104597,1.78016e-05,0.134942,0.313554,0.0476553,0.00547341
#[j_choice,5]
%0.000442834,0.000159849,0.013282,0.0529342,0.188453,0.0997916,0.0626376,0.146258,0.121676,0.041974,0.120005,0.0257419,0.0139602,0.016458,0.0369965,0.00642546,0.0195116,0.0124547,0.00282799,0.00287864,0.00611579,0.00363879,0.00537579
#[j_choice,6]
%0.00100512,0,0.00394053,0.114542,0.125624,0.208272,0.0540419,0.176937,0.0933695,0.0359135,0.135215,0.0123382,0.00736008,0.00965247,0.0151177,0.00396828,2.34551e-06,1.00682e-09,2.04749e-05,3.29564e-07,3.65306e-06,0.000256693,0.00242013
#[j_choice,7]
%0,0,0,0,0,0.00312655,0,0,0,0.000488677,7.54016e-06,0.120619,0.00964592,0.0568286,0.0840076,0.0581412,0.016582,0.124361,0.0144766,0.0618967,0.241996,0.190327,0.0174961
#[j_choice,8]
%0,0,0.00727186,0.0744488,0.169019,0.111918,0.0899994,0.230997,0.0485891,0.0489995,0.0929392,0.0382209,0.0204738,0.0140331,0.0247384,0.00716459,0.00172444,0.00374269,0.00291051,0.00292364,0.00466253,0.000842072,0.00438242
@vj_ins
$Dim[41]
#
%0.111563,0.119008,0.197714,0.139488,0.0839423,0.0903786,0.0483376,0.0496056,0.0426791,0.0160383,0.0184983,0.0170464,0.00617261,0.00648534,0.0129912,0.00584436,0.0123738,0.00627039,0.00649086,0.00265655,0.002405,0.000150141,0.00162849,0.000746843,0.000530657,0.000389915,0.000210664,0.000201314,0,7.8808e-05,0,0,0,0,0,0,7.35187e-05,0,0,0,0
@vj_dinucl
$Dim[16]
#
%0.143816,0.540119,0.205113,0.110951,0.117963,0.453857,0.172703,0.255477,0.169196,0.185835,0.428009,0.21696,0.182188,0.369442,0.125812,0.322557
